24 
48.9321 -117.45 -48.7508 97.1628 -117.45 -48.7508 48.9321 -117.45 -145.268 97.1628 -117.45 -145.268 48.9321 117.45 -48.7508 97.1628 117.45 -48.7508 48.9321 117.45 -145.268 97.1628 117.45 -145.268 
24 
0.0 -1.5708 0.0 0.0 -1.5708 0.0 0.0 -1.5708 0.0 0.0 -1.5708 0.0 0.0 1.5708 0.0 0.0 1.5708 0.0 0.0 1.5708 0.0 0.0 1.5708 0.0 
72 
0.01 0.227069 0.0 0.01 0.477248 0.0 0.01 0.01 0.0 0.01 0.760411 0.0 0.99 0.01 0.0 0.01 0.260179 0.0 0.99 0.227069 0.0 0.01 0.651939 0.0 0.227069 0.901992 0.0 0.01 0.901992 0.0 0.01 0.79352 0.0 0.227069 0.79352 0.0 0.260179 0.901992 0.0 0.260179 0.79352 0.0 0.477248 0.79352 0.0 0.477248 0.901992 0.0 0.01 0.61883 0.0 0.01 0.510358 0.0 0.99 0.510358 0.0 0.99 0.61883 0.0 0.99 0.260179 0.0 0.99 0.477248 0.0 0.99 0.651939 0.0 0.99 0.760411 0.0 
12 
0 0 8 2 2 9 3 3 10 3 3 10 1 1 11 0 0 8 4 4 12 5 5 13 7 7 14 7 7 14 6 6 15 4 4 12 0 0 16 1 1 17 5 5 18 5 5 18 4 4 19 0 0 16 1 1 1 3 3 5 7 7 20 7 7 20 5 5 21 1 1 1 3 3 3 2 2 7 6 6 22 6 6 22 7 7 23 3 3 3 2 2 0 0 0 2 4 4 4 4 4 4 6 6 6 2 2 0 
ambient 0.0 0.0 0.0 
diffuse 1.0 1.0 1.0 
specular 0.0 0.0 0.0 
