24 
32.9356 -145.0 128.237 18.422 -145.0 128.237 63.886 -145.0 247.033 18.422 -145.0 247.033 32.9356 145.0 128.237 18.422 145.0 128.237 63.886 145.0 247.033 18.422 145.0 247.033 
24 
0.0 -1.82566 0.0 0.0 -1.5708 0.0 0.0 -1.31593 0.0 0.0 -1.5708 0.0 0.0 1.82566 0.0 0.0 1.5708 0.0 0.0 1.31593 0.0 0.0 1.5708 0.0 
72 
0.01 0.226412 0.0 0.01 0.01 0.0 0.01 0.58589 0.0 0.01 0.472946 0.0 0.99 0.01 0.0 0.01 0.256534 0.0 0.01 0.503068 0.0 0.99 0.226412 0.0 0.226412 0.699013 0.0 0.01 0.755396 0.0 0.01 0.672574 0.0 0.226412 0.672574 0.0 0.01 0.811957 0.0 0.01 0.785518 0.0 0.226412 0.785518 0.0 0.226412 0.86834 0.0 0.01 0.642452 0.0 0.01 0.616012 0.0 0.99 0.616012 0.0 0.99 0.642452 0.0 0.99 0.256534 0.0 0.99 0.472946 0.0 0.99 0.503068 0.0 0.99 0.58589 0.0 
12 
0 0 8 2 2 9 3 3 10 3 3 10 1 1 11 0 0 8 4 4 12 5 5 13 7 7 14 7 7 14 6 6 15 4 4 12 0 0 16 1 1 17 5 5 18 5 5 18 4 4 19 0 0 16 1 1 3 3 3 5 7 7 20 7 7 20 5 5 21 1 1 3 3 3 2 2 2 6 6 6 22 6 6 22 7 7 23 3 3 2 2 2 0 0 0 1 4 4 4 4 4 4 6 6 7 2 2 0 
ambient 0.0 0.0 0.0 
diffuse 1.0 1.0 1.0 
specular 0.0 0.0 0.0 
