24 
-111.579 -119.7 115.647 -18.828 -119.7 115.647 -111.579 -119.7 45.1565 -18.828 -119.7 45.1565 -111.579 119.7 115.647 -18.828 119.7 115.647 -111.579 119.7 45.1565 -18.828 119.7 45.1565 
24 
0.0 -1.5708 0.0 0.0 -1.5708 0.0 0.0 -1.5708 0.0 0.0 -1.5708 0.0 0.0 1.5708 0.0 0.0 1.5708 0.0 0.0 1.5708 0.0 0.0 1.5708 0.0 
72 
0.01 0.622356 0.0 0.01 0.806178 0.0 0.01 0.472371 0.0 0.01 0.207349 0.0 0.954905 0.472371 0.0 0.01 0.656193 0.0 0.954905 0.622356 0.0 0.01 0.01 0.0 0.207349 0.840015 0.0 0.207349 0.99 0.0 0.01 0.99 0.0 0.01 0.840015 0.0 0.430075 0.99 0.0 0.232726 0.99 0.0 0.232726 0.840015 0.0 0.430075 0.840015 0.0 0.01 0.438534 0.0 0.01 0.241186 0.0 0.954905 0.241186 0.0 0.954905 0.438534 0.0 0.954905 0.656193 0.0 0.954905 0.806178 0.0 0.954905 0.01 0.0 0.954905 0.207349 0.0 
12 
0 0 8 2 2 9 3 3 10 3 3 10 1 1 11 0 0 8 4 4 12 5 5 13 7 7 14 7 7 14 6 6 15 4 4 12 0 0 16 1 1 17 5 5 18 5 5 18 4 4 19 0 0 16 1 1 1 3 3 5 7 7 20 7 7 20 5 5 21 1 1 1 3 3 3 2 2 7 6 6 22 6 6 22 7 7 23 3 3 3 2 2 0 0 0 2 4 4 4 4 4 4 6 6 6 2 2 0 
ambient 0.0 0.0 0.0 
diffuse 1.0 1.0 1.0 
specular 0.0 0.0 0.0 
