48 
35.514 -5.0 19.4423 91.1648 -5.0 19.4423 35.514 -5.0 -36.2085 91.1648 -5.0 -36.2085 35.514 105.0 19.4423 91.1648 105.0 19.4423 35.514 105.0 -36.2085 91.1648 105.0 -36.2085 26.1723 -105.0 27.6867 96.927 -105.0 27.6867 26.1723 -105.0 -40.9493 96.927 -105.0 -40.9493 26.1723 -5.00001 27.6867 96.927 -5.00001 27.6867 26.1723 -5.00001 -40.9493 96.927 -5.00001 -40.9493 
48 
0.0 -1.5708 0.0 0.0 -1.5708 0.0 0.0 -1.5708 0.0 0.0 -1.5708 0.0 0.0 1.5708 0.0 0.0 1.5708 0.0 0.0 1.5708 0.0 0.0 1.5708 0.0 0.0 -1.5708 0.0 0.0 -1.5708 0.0 0.0 -1.5708 0.0 0.0 -1.5708 0.0 0.0 1.5708 0.0 0.0 1.5708 0.0 0.0 1.5708 0.0 0.0 1.5708 0.0 
144 
0.01 0.92249 0.0 0.01 0.754458 0.0 0.01 0.787162 0.0 0.493797 0.55485 0.0 0.506203 0.787162 0.0 0.01 0.61913 0.0 0.506203 0.92249 0.0 0.493797 0.419522 0.0 0.682411 0.754458 0.0 0.682411 0.61913 0.0 0.817739 0.61913 0.0 0.817739 0.754458 0.0 0.538907 0.61913 0.0 0.674235 0.61913 0.0 0.674235 0.754458 0.0 0.538907 0.754458 0.0 0.493797 0.350089 0.0 0.493797 0.214761 0.0 0.99 0.214761 0.0 0.99 0.350089 0.0 0.506203 0.61913 0.0 0.506203 0.754458 0.0 0.99 0.419522 0.0 0.99 0.55485 0.0 0.493797 0.176905 0.0 0.01 0.586426 0.0 0.493797 0.01 0.0 0.01 0.182057 0.0 0.944891 0.01 0.0 0.01 0.419522 0.0 0.944891 0.176905 0.0 0.01 0.01 0.0 0.907548 0.787162 0.0 0.907548 0.954067 0.0 0.735492 0.954067 0.0 0.735492 0.787162 0.0 0.710964 0.954067 0.0 0.538907 0.954067 0.0 0.538907 0.787162 0.0 0.710964 0.787162 0.0 0.01 0.386818 0.0 0.01 0.214761 0.0 0.461093 0.214761 0.0 0.461093 0.386818 0.0 0.461093 0.419522 0.0 0.461093 0.586426 0.0 0.461093 0.01 0.0 0.461093 0.182057 0.0 
24 
0 0 8 2 2 9 3 3 10 3 3 10 1 1 11 0 0 8 4 4 12 5 5 13 7 7 14 7 7 14 6 6 15 4 4 12 0 0 16 1 1 17 5 5 18 5 5 18 4 4 19 0 0 16 1 1 1 3 3 5 7 7 20 7 7 20 5 5 21 1 1 1 3 3 3 2 2 7 6 6 22 6 6 22 7 7 23 3 3 3 2 2 0 0 0 2 4 4 4 4 4 4 6 6 6 2 2 0 8 8 32 10 10 33 11 11 34 11 11 34 9 9 35 8 8 32 12 12 36 13 13 37 15 15 38 15 15 38 14 14 39 12 12 36 8 8 40 9 9 41 13 13 42 13 13 42 12 12 43 8 8 40 9 9 25 11 11 29 15 15 44 15 15 44 13 13 45 9 9 25 11 11 27 10 10 31 14 14 46 14 14 46 15 15 47 11 11 27 10 10 24 8 8 26 12 12 28 12 12 28 14 14 30 10 10 24 
ambient 0.0 0.0 0.0 
diffuse 1.0 1.0 1.0 
specular 0.0 0.0 0.0 
