24 
165.891 -100.0 107.441 212.519 -100.0 107.441 165.891 -100.0 26.0128 212.519 -100.0 26.0128 165.891 100.0 107.441 212.519 100.0 107.441 165.891 100.0 26.0128 212.519 100.0 26.0128 
24 
0.0 -1.5708 0.0 0.0 -1.5708 0.0 0.0 -1.5708 0.0 0.0 -1.5708 0.0 0.0 1.5708 0.0 0.0 1.5708 0.0 0.0 1.5708 0.0 0.0 1.5708 0.0 
72 
0.01 0.22509 0.0 0.01 0.474027 0.0 0.01 0.01 0.0 0.01 0.788053 0.0 0.99 0.01 0.0 0.01 0.258936 0.0 0.99 0.22509 0.0 0.01 0.664886 0.0 0.22509 0.945066 0.0 0.01 0.945066 0.0 0.01 0.821899 0.0 0.22509 0.821899 0.0 0.258936 0.945066 0.0 0.258936 0.821899 0.0 0.474027 0.821899 0.0 0.474027 0.945066 0.0 0.01 0.63104 0.0 0.01 0.507873 0.0 0.99 0.507873 0.0 0.99 0.63104 0.0 0.99 0.258936 0.0 0.99 0.474027 0.0 0.99 0.664886 0.0 0.99 0.788053 0.0 
12 
0 0 8 2 2 9 3 3 10 3 3 10 1 1 11 0 0 8 4 4 12 5 5 13 7 7 14 7 7 14 6 6 15 4 4 12 0 0 16 1 1 17 5 5 18 5 5 18 4 4 19 0 0 16 1 1 1 3 3 5 7 7 20 7 7 20 5 5 21 1 1 1 3 3 3 2 2 7 6 6 22 6 6 22 7 7 23 3 3 3 2 2 0 0 0 2 4 4 4 4 4 4 6 6 6 2 2 0 
ambient 0.0 0.0 0.0 
diffuse 1.0 1.0 1.0 
specular 0.0 0.0 0.0 
