24 
109.65 -150.0 -158.251 156.667 -150.0 -158.251 109.65 -150.0 -202.239 156.667 -150.0 -202.239 109.65 150.0 -158.251 156.667 150.0 -158.251 109.65 150.0 -202.239 156.667 150.0 -202.239 
24 
0.0 -1.5708 0.0 0.0 -1.5708 0.0 0.0 -1.5708 0.0 0.0 -1.5708 0.0 0.0 1.5708 0.0 0.0 1.5708 0.0 0.0 1.5708 0.0 0.0 1.5708 0.0 
72 
0.01 0.179965 0.0 0.01 0.379009 0.0 0.01 0.01 0.0 0.01 0.607033 0.0 0.99 0.01 0.0 0.01 0.209044 0.0 0.99 0.179965 0.0 0.01 0.522099 0.0 0.179965 0.721044 0.0 0.01 0.721044 0.0 0.01 0.636111 0.0 0.179965 0.636111 0.0 0.01 0.835056 0.0 0.01 0.750123 0.0 0.179965 0.750123 0.0 0.179965 0.835056 0.0 0.01 0.493021 0.0 0.01 0.408088 0.0 0.99 0.408088 0.0 0.99 0.493021 0.0 0.99 0.209044 0.0 0.99 0.379009 0.0 0.99 0.522099 0.0 0.99 0.607033 0.0 
12 
0 0 8 2 2 9 3 3 10 3 3 10 1 1 11 0 0 8 4 4 12 5 5 13 7 7 14 7 7 14 6 6 15 4 4 12 0 0 16 1 1 17 5 5 18 5 5 18 4 4 19 0 0 16 1 1 1 3 3 5 7 7 20 7 7 20 5 5 21 1 1 1 3 3 3 2 2 7 6 6 22 6 6 22 7 7 23 3 3 3 2 2 0 0 0 2 4 4 4 4 4 4 6 6 6 2 2 0 
ambient 0.0 0.0 0.0 
diffuse 1.0 1.0 1.0 
specular 0.0 0.0 0.0 
