24 
214.846 -100.0 -203.207 166.615 -100.0 -203.207 214.846 -100.0 -158.322 166.615 -100.0 -158.322 214.846 100.0 -203.207 166.615 100.0 -203.207 214.846 100.0 -158.322 166.615 100.0 -158.322 
24 
0.0 -1.5708 0.0 0.0 -1.5708 0.0 0.0 -1.5708 0.0 0.0 -1.5708 0.0 0.0 1.5708 0.0 0.0 1.5708 0.0 0.0 1.5708 0.0 0.0 1.5708 0.0 
72 
0.01 0.251055 0.0 0.01 0.526239 0.0 0.01 0.01 0.0 0.01 0.835413 0.0 0.936595 0.01 0.0 0.01 0.285184 0.0 0.936595 0.251055 0.0 0.01 0.714956 0.0 0.251055 0.99 0.0 0.01 0.99 0.0 0.01 0.869543 0.0 0.251055 0.869543 0.0 0.285184 0.99 0.0 0.285184 0.869543 0.0 0.526239 0.869543 0.0 0.526239 0.99 0.0 0.01 0.680826 0.0 0.01 0.560369 0.0 0.936595 0.560369 0.0 0.936595 0.680826 0.0 0.936595 0.285184 0.0 0.936595 0.526239 0.0 0.936595 0.714956 0.0 0.936595 0.835413 0.0 
12 
0 0 8 2 2 9 3 3 10 3 3 10 1 1 11 0 0 8 4 4 12 5 5 13 7 7 14 7 7 14 6 6 15 4 4 12 0 0 16 1 1 17 5 5 18 5 5 18 4 4 19 0 0 16 1 1 1 3 3 5 7 7 20 7 7 20 5 5 21 1 1 1 3 3 3 2 2 7 6 6 22 6 6 22 7 7 23 3 3 3 2 2 0 0 0 2 4 4 4 4 4 4 6 6 6 2 2 0 
ambient 0.0 0.0 0.0 
diffuse 1.0 1.0 1.0 
specular 0.0 0.0 0.0 
