24 
166.176 -125.0 -51.1088 214.407 -125.0 -51.1088 166.176 -125.0 -95.9946 214.407 -125.0 -95.9946 166.176 125.0 -51.1088 214.407 125.0 -51.1088 166.176 125.0 -95.9946 214.407 125.0 -95.9946 
24 
0.0 -1.5708 0.0 0.0 -1.5708 0.0 0.0 -1.5708 0.0 0.0 -1.5708 0.0 0.0 1.5708 0.0 0.0 1.5708 0.0 0.0 1.5708 0.0 0.0 1.5708 0.0 
72 
0.01 0.213958 0.0 0.01 0.449944 0.0 0.01 0.01 0.0 0.01 0.717839 0.0 0.99 0.01 0.0 0.01 0.245986 0.0 0.99 0.213958 0.0 0.01 0.615919 0.0 0.213958 0.851786 0.0 0.01 0.851786 0.0 0.01 0.749866 0.0 0.213958 0.749866 0.0 0.01 0.985734 0.0 0.01 0.883814 0.0 0.213958 0.883814 0.0 0.213958 0.985734 0.0 0.01 0.583892 0.0 0.01 0.481972 0.0 0.99 0.481972 0.0 0.99 0.583892 0.0 0.99 0.245986 0.0 0.99 0.449944 0.0 0.99 0.615919 0.0 0.99 0.717839 0.0 
12 
0 0 8 2 2 9 3 3 10 3 3 10 1 1 11 0 0 8 4 4 12 5 5 13 7 7 14 7 7 14 6 6 15 4 4 12 0 0 16 1 1 17 5 5 18 5 5 18 4 4 19 0 0 16 1 1 1 3 3 5 7 7 20 7 7 20 5 5 21 1 1 1 3 3 3 2 2 7 6 6 22 6 6 22 7 7 23 3 3 3 2 2 0 0 0 2 4 4 4 4 4 4 6 6 6 2 2 0 
ambient 0.0 0.0 0.0 
diffuse 1.0 1.0 1.0 
specular 0.0 0.0 0.0 
