24 
23.1638 -145.0 -48.7508 37.6774 -145.0 -48.7508 3.91595 -145.0 -145.268 37.6774 -145.0 -145.268 23.1638 145.0 -48.7508 37.6774 145.0 -48.7508 3.91595 145.0 -145.268 37.6774 145.0 -145.268 
24 
0.0 -1.76764 0.0 0.0 -1.5708 0.0 0.0 -1.37396 0.0 0.0 -1.5708 0.0 0.0 1.76764 0.0 0.0 1.5708 0.0 0.0 1.37396 0.0 0.0 1.5708 0.0 
72 
0.01 0.185826 0.0 0.01 0.388558 0.0 0.01 0.01 0.0 0.01 0.476966 0.0 0.99 0.01 0.0 0.01 0.212731 0.0 0.99 0.185826 0.0 0.01 0.415463 0.0 0.185826 0.583656 0.0 0.01 0.61872 0.0 0.01 0.557216 0.0 0.185826 0.557216 0.0 0.01 0.672065 0.0 0.01 0.645625 0.0 0.185826 0.645625 0.0 0.185826 0.707128 0.0 0.01 0.530311 0.0 0.01 0.503872 0.0 0.99 0.503872 0.0 0.99 0.530311 0.0 0.99 0.212731 0.0 0.99 0.388558 0.0 0.99 0.415463 0.0 0.99 0.476966 0.0 
12 
0 0 8 2 2 9 3 3 10 3 3 10 1 1 11 0 0 8 4 4 12 5 5 13 7 7 14 7 7 14 6 6 15 4 4 12 0 0 16 1 1 17 5 5 18 5 5 18 4 4 19 0 0 16 1 1 1 3 3 5 7 7 20 7 7 20 5 5 21 1 1 1 3 3 3 2 2 7 6 6 22 6 6 22 7 7 23 3 3 3 2 2 0 0 0 2 4 4 4 4 4 4 6 6 6 2 2 0 
ambient 0.0 0.0 0.0 
diffuse 1.0 1.0 1.0 
specular 0.0 0.0 0.0 
