24 
6.91391 -113.981 -201.411 6.91391 -113.981 -160.796 100.09 -113.981 -201.411 100.09 -113.981 -160.796 6.91391 113.981 -201.411 6.91391 113.981 -160.796 100.09 113.981 -201.411 100.09 113.981 -160.796 
24 
0.0 -1.5708 0.0 0.0 -1.5708 0.0 0.0 -1.5708 0.0 0.0 -1.5708 0.0 0.0 1.5708 0.0 0.0 1.5708 0.0 0.0 1.5708 0.0 0.0 1.5708 0.0 
72 
0.01 0.225932 0.0 0.01 0.474073 0.0 0.01 0.01 0.0 0.01 0.726738 0.0 0.99 0.01 0.0 0.01 0.258141 0.0 0.99 0.225932 0.0 0.01 0.632614 0.0 0.225932 0.853071 0.0 0.01 0.853071 0.0 0.01 0.758946 0.0 0.225932 0.758946 0.0 0.01 0.979403 0.0 0.01 0.885279 0.0 0.225932 0.885279 0.0 0.225932 0.979403 0.0 0.01 0.600405 0.0 0.01 0.506281 0.0 0.99 0.506281 0.0 0.99 0.600405 0.0 0.99 0.258141 0.0 0.99 0.474073 0.0 0.99 0.632614 0.0 0.99 0.726738 0.0 
12 
0 0 8 2 2 9 3 3 10 3 3 10 1 1 11 0 0 8 4 4 12 5 5 13 7 7 14 7 7 14 6 6 15 4 4 12 0 0 16 1 1 17 5 5 18 5 5 18 4 4 19 0 0 16 1 1 1 3 3 5 7 7 20 7 7 20 5 5 21 1 1 1 3 3 3 2 2 7 6 6 22 6 6 22 7 7 23 3 3 3 2 2 0 0 0 2 4 4 4 4 4 4 6 6 6 2 2 0 
ambient 0.0 0.0 0.0 
diffuse 1.0 1.0 1.0 
specular 0.0 0.0 0.0 
