24 
84.9599 -108.001 246.566 111.856 -108.001 246.566 76.9057 -108.001 202.045 111.856 -108.001 202.045 84.9599 108.001 246.566 111.856 108.001 246.566 76.9057 108.001 202.045 111.856 108.001 202.045 
24 
0.0 -1.74977 0.0 0.0 -1.5708 0.0 0.0 -1.39182 0.0 0.0 -1.5708 0.0 0.0 1.74977 0.0 0.0 1.5708 0.0 0.0 1.39182 0.0 0.0 1.5708 0.0 
72 
0.0766607 0.410234 0.0 0.0966226 0.488634 0.0 0.01 0.488634 0.0 0.01 0.410234 0.0 0.0766607 0.583937 0.0 0.01 0.583937 0.0 0.01 0.505537 0.0 0.0966226 0.505537 0.0 0.01 0.387696 0.0 0.01 0.321035 0.0 0.99 0.321035 0.0 0.99 0.387696 0.0 0.01 0.298498 0.0 0.01 0.220098 0.0 0.99 0.220098 0.0 0.99 0.298498 0.0 0.01 0.0966226 0.0 0.01 0.01 0.0 0.99 0.01 0.0 0.99 0.0966226 0.0 0.01 0.19756 0.0 0.01 0.11916 0.0 0.99 0.11916 0.0 0.99 0.19756 0.0 
12 
0 0 0 2 2 1 3 3 2 3 3 2 1 1 3 0 0 0 4 4 4 5 5 5 7 7 6 7 7 6 6 6 7 4 4 4 0 0 8 1 1 9 5 5 10 5 5 10 4 4 11 0 0 8 1 1 12 3 3 13 7 7 14 7 7 14 5 5 15 1 1 12 3 3 16 2 2 17 6 6 18 6 6 18 7 7 19 3 3 16 2 2 20 0 0 21 4 4 22 4 4 22 6 6 23 2 2 20 
ambient 0.0 0.0 0.0 
diffuse 1.0 1.0 1.0 
specular 0.0 0.0 0.0 
