24 
107.837 -25.0 -50.909 156.068 -25.0 -50.909 107.837 -25.0 -147.426 156.068 -25.0 -147.426 107.837 25.0 -50.909 156.068 25.0 -50.909 107.837 25.0 -147.426 156.068 25.0 -147.426 
24 
0.0 -1.5708 0.0 0.0 -1.5708 0.0 0.0 -1.5708 0.0 0.0 -1.5708 0.0 0.0 1.5708 0.0 0.0 1.5708 0.0 0.0 1.5708 0.0 0.0 1.5708 0.0 
72 
0.467364 0.01 0.0 0.467364 0.504689 0.0 0.467364 0.485935 0.0 0.989907 0.952859 0.0 0.01 0.485935 0.0 0.467364 0.980623 0.0 0.01 0.01 0.0 0.752078 0.952859 0.0 0.723947 0.514066 0.0 0.723947 0.99 0.0 0.486118 0.99 0.0 0.486118 0.514066 0.0 0.723947 0.485935 0.0 0.486118 0.485935 0.0 0.486118 0.01 0.0 0.723947 0.01 0.0 0.989907 0.467364 0.0 0.752078 0.467364 0.0 0.752078 0.01 0.0 0.989907 0.01 0.0 0.01 0.980623 0.0 0.01 0.504689 0.0 0.752078 0.495495 0.0 0.989907 0.495495 0.0 
12 
0 0 8 2 2 9 3 3 10 3 3 10 1 1 11 0 0 8 4 4 12 5 5 13 7 7 14 7 7 14 6 6 15 4 4 12 0 0 16 1 1 17 5 5 18 5 5 18 4 4 19 0 0 16 1 1 1 3 3 5 7 7 20 7 7 20 5 5 21 1 1 1 3 3 3 2 2 7 6 6 22 6 6 22 7 7 23 3 3 3 2 2 0 0 0 2 4 4 4 4 4 4 6 6 6 2 2 0 
ambient 0.0 0.0 0.0 
diffuse 1.0 1.0 1.0 
specular 0.0 0.0 0.0 
