24 
-179.332 -58.5 246.173 -19.8001 -58.5 246.173 -179.332 -58.5 201.653 -19.8001 -58.5 201.653 -179.332 58.5 246.173 -19.8001 58.5 246.173 -179.332 58.5 201.653 -19.8001 58.5 201.653 
24 
0.0 -1.5708 0.0 0.0 -1.5708 0.0 0.0 -1.5708 0.0 0.0 -1.5708 0.0 0.0 1.5708 0.0 0.0 1.5708 0.0 0.0 1.5708 0.0 0.0 1.5708 0.0 
72 
0.51406 0.107629 0.0 0.01 0.863542 0.0 0.51406 0.01 0.0 0.01 0.359836 0.0 0.99 0.01 0.0 0.01 0.765913 0.0 0.99 0.107629 0.0 0.01 0.01 0.0 0.863896 0.387957 0.0 0.863896 0.485585 0.0 0.51406 0.485585 0.0 0.51406 0.387957 0.0 0.863896 0.233378 0.0 0.51406 0.233378 0.0 0.51406 0.13575 0.0 0.863896 0.13575 0.0 0.01 0.737793 0.0 0.01 0.387957 0.0 0.48594 0.387957 0.0 0.48594 0.737793 0.0 0.48594 0.765913 0.0 0.48594 0.863542 0.0 0.48594 0.01 0.0 0.48594 0.359836 0.0 
12 
0 0 8 2 2 9 3 3 10 3 3 10 1 1 11 0 0 8 4 4 12 5 5 13 7 7 14 7 7 14 6 6 15 4 4 12 0 0 16 1 1 17 5 5 18 5 5 18 4 4 19 0 0 16 1 1 1 3 3 5 7 7 20 7 7 20 5 5 21 1 1 1 3 3 3 2 2 7 6 6 22 6 6 22 7 7 23 3 3 3 2 2 0 0 0 2 4 4 4 4 4 4 6 6 6 2 2 0 
ambient 0.0 0.0 0.0 
diffuse 1.0 1.0 1.0 
specular 0.0 0.0 0.0 
