24 
25.3547 -51.471 75.0892 97.1564 -51.471 75.0892 25.3547 -51.471 38.8771 97.1564 -51.471 38.8771 25.3547 51.471 75.0892 97.1564 51.471 75.0892 25.3547 51.471 38.8771 97.1564 51.471 38.8771 
24 
0.0 -1.5708 0.0 0.0 -1.5708 0.0 0.0 -1.5708 0.0 0.0 -1.5708 0.0 0.0 1.5708 0.0 0.0 1.5708 0.0 0.0 1.5708 0.0 0.0 1.5708 0.0 
72 
0.01 0.767858 0.0 0.01 0.99 0.0 0.01 0.575667 0.0 0.01 0.262883 0.0 0.530645 0.575667 0.0 0.01 0.797809 0.0 0.530645 0.767858 0.0 0.01 0.01 0.0 0.813479 0.01 0.0 0.813479 0.202191 0.0 0.560596 0.202191 0.0 0.560596 0.01 0.0 0.813479 0.485025 0.0 0.560596 0.485025 0.0 0.560596 0.292834 0.0 0.813479 0.292834 0.0 0.01 0.545717 0.0 0.01 0.292834 0.0 0.530645 0.292834 0.0 0.530645 0.545717 0.0 0.530645 0.797809 0.0 0.530645 0.99 0.0 0.530645 0.01 0.0 0.530645 0.262883 0.0 
12 
0 0 8 2 2 9 3 3 10 3 3 10 1 1 11 0 0 8 4 4 12 5 5 13 7 7 14 7 7 14 6 6 15 4 4 12 0 0 16 1 1 17 5 5 18 5 5 18 4 4 19 0 0 16 1 1 1 3 3 5 7 7 20 7 7 20 5 5 21 1 1 1 3 3 3 2 2 7 6 6 22 6 6 22 7 7 23 3 3 3 2 2 0 0 0 2 4 4 4 4 4 4 6 6 6 2 2 0 
ambient 0.0 0.0 0.0 
diffuse 1.0 1.0 1.0 
specular 0.0 0.0 0.0 
