48 
-110.367 -99.2591 33.8807 -65.4229 -99.2591 33.8807 -110.367 -99.2591 -34.7553 -65.4229 -99.2591 -34.7553 -110.367 50.7409 33.8807 -65.4229 50.7409 33.8807 -110.367 50.7409 -34.7553 -65.4229 50.7409 -34.7553 -103.251 29.2591 19.8103 -78.0821 29.2591 19.8103 -103.251 29.2591 -20.6849 -78.0821 29.2591 -20.6849 -103.251 99.2591 19.8103 -78.0821 99.2591 19.8103 -103.251 99.2591 -20.6849 -78.0821 99.2591 -20.6849 
48 
0.0 -1.5708 0.0 0.0 -1.5708 0.0 0.0 -1.5708 0.0 0.0 -1.5708 0.0 0.0 1.5708 0.0 0.0 1.5708 0.0 0.0 1.5708 0.0 0.0 1.5708 0.0 0.0 -1.5708 0.0 0.0 -1.5708 0.0 0.0 -1.5708 0.0 0.0 -1.5708 0.0 0.0 1.5708 0.0 0.0 1.5708 0.0 0.0 1.5708 0.0 0.0 1.5708 0.0 
144 
0.01 0.639795 0.0 0.01 0.832004 0.0 0.01 0.480515 0.0 0.01 0.212329 0.0 0.655731 0.480515 0.0 0.01 0.672723 0.0 0.655731 0.639795 0.0 0.01 0.01 0.0 0.890988 0.480515 0.0 0.890988 0.639795 0.0 0.688659 0.639795 0.0 0.688659 0.480515 0.0 0.890988 0.832004 0.0 0.688659 0.832004 0.0 0.688659 0.672723 0.0 0.890988 0.672723 0.0 0.01 0.447586 0.0 0.01 0.245257 0.0 0.655731 0.245257 0.0 0.655731 0.447586 0.0 0.655731 0.672723 0.0 0.655731 0.832004 0.0 0.655731 0.01 0.0 0.655731 0.212329 0.0 0.01 0.958908 0.0 0.344269 0.958908 0.0 0.01 0.864932 0.0 0.688659 0.358562 0.0 0.311341 0.864932 0.0 0.344269 0.864932 0.0 0.311341 0.958908 0.0 0.688659 0.245257 0.0 0.929844 0.864932 0.0 0.929844 0.958908 0.0 0.816539 0.958908 0.0 0.816539 0.864932 0.0 0.791843 0.958908 0.0 0.678539 0.958908 0.0 0.678539 0.864932 0.0 0.791843 0.864932 0.0 0.688659 0.123304 0.0 0.688659 0.01 0.0 0.99 0.01 0.0 0.99 0.123304 0.0 0.64561 0.864932 0.0 0.64561 0.958908 0.0 0.99 0.245257 0.0 0.99 0.358562 0.0 
24 
0 0 8 2 2 9 3 3 10 3 3 10 1 1 11 0 0 8 4 4 12 5 5 13 7 7 14 7 7 14 6 6 15 4 4 12 0 0 16 1 1 17 5 5 18 5 5 18 4 4 19 0 0 16 1 1 1 3 3 5 7 7 20 7 7 20 5 5 21 1 1 1 3 3 3 2 2 7 6 6 22 6 6 22 7 7 23 3 3 3 2 2 0 0 0 2 4 4 4 4 4 4 6 6 6 2 2 0 8 8 32 10 10 33 11 11 34 11 11 34 9 9 35 8 8 32 12 12 36 13 13 37 15 15 38 15 15 38 14 14 39 12 12 36 8 8 40 9 9 41 13 13 42 13 13 42 12 12 43 8 8 40 9 9 25 11 11 29 15 15 44 15 15 44 13 13 45 9 9 25 11 11 27 10 10 31 14 14 46 14 14 46 15 15 47 11 11 27 10 10 24 8 8 26 12 12 28 12 12 28 14 14 30 10 10 24 
ambient 0.0 0.0 0.0 
diffuse 1.0 1.0 1.0 
specular 0.0 0.0 0.0 
