24 
-55.5337 -75.0 -72.5273 -17.9288 -75.0 -72.5273 -55.5337 -75.0 -144.873 -17.9288 -75.0 -144.873 -55.5337 75.0 -72.5273 -17.9288 75.0 -72.5273 -55.5337 75.0 -144.873 -17.9288 75.0 -144.873 
24 
0.0 -1.5708 0.0 0.0 -1.5708 0.0 0.0 -1.5708 0.0 0.0 -1.5708 0.0 0.0 1.5708 0.0 0.0 1.5708 0.0 0.0 1.5708 0.0 0.0 1.5708 0.0 
72 
0.01 0.728071 0.0 0.01 0.946735 0.0 0.01 0.542495 0.0 0.01 0.243159 0.0 0.723752 0.542495 0.0 0.01 0.76116 0.0 0.723752 0.728071 0.0 0.01 0.01 0.0 0.99 0.01 0.0 0.99 0.195576 0.0 0.756841 0.195576 0.0 0.756841 0.01 0.0 0.99 0.461823 0.0 0.756841 0.461823 0.0 0.756841 0.276248 0.0 0.99 0.276248 0.0 0.01 0.509407 0.0 0.01 0.276248 0.0 0.723752 0.276248 0.0 0.723752 0.509407 0.0 0.723752 0.76116 0.0 0.723752 0.946735 0.0 0.723752 0.01 0.0 0.723752 0.243159 0.0 
12 
0 0 8 2 2 9 3 3 10 3 3 10 1 1 11 0 0 8 4 4 12 5 5 13 7 7 14 7 7 14 6 6 15 4 4 12 0 0 16 1 1 17 5 5 18 5 5 18 4 4 19 0 0 16 1 1 1 3 3 5 7 7 20 7 7 20 5 5 21 1 1 1 3 3 3 2 2 7 6 6 22 6 6 22 7 7 23 3 3 3 2 2 0 0 0 2 4 4 4 4 4 4 6 6 6 2 2 0 
ambient 0.0 0.0 0.0 
diffuse 1.0 1.0 1.0 
specular 0.0 0.0 0.0 
