24 
-53.1489 -117.45 32.919 -21.799 -117.45 32.919 -53.1489 -117.45 -64.5635 -21.799 -117.45 -64.5635 -53.1489 117.45 32.919 -21.799 117.45 32.919 -53.1489 117.45 -64.5635 -21.799 117.45 -64.5635 
24 
0.0 -1.5708 0.0 0.0 -1.5708 0.0 0.0 -1.5708 0.0 0.0 -1.5708 0.0 0.0 1.5708 0.0 0.0 1.5708 0.0 0.0 1.5708 0.0 0.0 1.5708 0.0 
72 
0.01 0.22924 0.0 0.01 0.479434 0.0 0.01 0.01 0.0 0.01 0.682353 0.0 0.99 0.01 0.0 0.01 0.260193 0.0 0.99 0.22924 0.0 0.01 0.611847 0.0 0.22924 0.783813 0.0 0.01 0.783813 0.0 0.01 0.713307 0.0 0.22924 0.713307 0.0 0.01 0.885273 0.0 0.01 0.814767 0.0 0.22924 0.814767 0.0 0.22924 0.885273 0.0 0.01 0.580893 0.0 0.01 0.510387 0.0 0.99 0.510387 0.0 0.99 0.580893 0.0 0.99 0.260193 0.0 0.99 0.479434 0.0 0.99 0.611847 0.0 0.99 0.682353 0.0 
12 
0 0 8 2 2 9 3 3 10 3 3 10 1 1 11 0 0 8 4 4 12 5 5 13 7 7 14 7 7 14 6 6 15 4 4 12 0 0 16 1 1 17 5 5 18 5 5 18 4 4 19 0 0 16 1 1 1 3 3 5 7 7 20 7 7 20 5 5 21 1 1 1 3 3 3 2 2 7 6 6 22 6 6 22 7 7 23 3 3 3 2 2 0 0 0 2 4 4 4 4 4 4 6 6 6 2 2 0 
ambient 0.0 0.0 0.0 
diffuse 1.0 1.0 1.0 
specular 0.0 0.0 0.0 
