24 
-111.579 -45.0 191.046 -18.828 -45.0 191.046 -111.579 -45.0 126.12 -18.828 -45.0 126.12 -111.579 45.0 191.046 -18.828 45.0 191.046 -111.579 45.0 126.12 -18.828 45.0 126.12 
24 
0.0 -1.5708 0.0 0.0 -1.5708 0.0 0.0 -1.5708 0.0 0.0 -1.5708 0.0 0.0 1.5708 0.0 0.0 1.5708 0.0 0.0 1.5708 0.0 0.0 1.5708 0.0 
72 
0.511867 0.19396 0.0 0.01 0.777213 0.0 0.511867 0.01 0.0 0.01 0.2728 0.0 0.984907 0.01 0.0 0.01 0.593253 0.0 0.984907 0.19396 0.0 0.01 0.01 0.0 0.774667 0.301627 0.0 0.774667 0.485587 0.0 0.511867 0.485587 0.0 0.511867 0.301627 0.0 0.2728 0.99 0.0 0.01 0.99 0.0 0.01 0.80604 0.0 0.2728 0.80604 0.0 0.01 0.564427 0.0 0.01 0.301627 0.0 0.48304 0.301627 0.0 0.48304 0.564427 0.0 0.48304 0.593253 0.0 0.48304 0.777213 0.0 0.48304 0.01 0.0 0.48304 0.2728 0.0 
12 
0 0 8 2 2 9 3 3 10 3 3 10 1 1 11 0 0 8 4 4 12 5 5 13 7 7 14 7 7 14 6 6 15 4 4 12 0 0 16 1 1 17 5 5 18 5 5 18 4 4 19 0 0 16 1 1 1 3 3 5 7 7 20 7 7 20 5 5 21 1 1 1 3 3 3 2 2 7 6 6 22 6 6 22 7 7 23 3 3 3 2 2 0 0 0 2 4 4 4 4 4 4 6 6 6 2 2 0 
ambient 0.0 0.0 0.0 
diffuse 1.0 1.0 1.0 
specular 0.0 0.0 0.0 
